Frecuencia (Hz)	Nivel (dB)
43,066406	-61,164665
86,132812	-31,960550
129,199219	-27,189215
172,265625	-34,483566
215,332031	-32,251320
258,398438	-28,685797
301,464844	-37,374413
344,531250	-61,283298
387,597656	-62,456886
430,664062	-47,501995
473,730469	-31,047218
516,796875	-29,773659
559,863281	-41,605824
602,929688	-60,406628
645,996094	-70,390152
689,062500	-77,351250
732,128906	-82,151154
775,195312	-83,316238
818,261719	-79,489716
861,328125	-72,350082
904,394531	-61,574844
947,460938	-38,215221
990,527344	-29,151936
1033,593750	-32,426704
1076,660156	-54,370171
1119,726562	-68,052200
1162,792969	-76,601006
1205,859375	-82,929848
1248,925781	-87,964226
1291,992188	-92,154411
1335,058594	-95,723724
1378,125000	-98,713943
1421,191406	-101,593086
1464,257812	-104,069336
1507,324219	-106,029884
1550,390625	-108,337196
1593,457031	-109,865097
1636,523438	-110,781212
1679,589844	-113,398323
1722,656250	-114,680382
1765,722656	-115,602219
1808,789062	-117,434906
1851,855469	-116,095406
1894,921875	-116,312424
1937,988281	-120,165352
1981,054688	-119,278877
2024,121094	-119,848679
2067,187500	-122,207718
2110,253906	-118,915741
2153,320312	-120,308090
2196,386719	-123,276588
2239,453125	-119,597054
2282,519531	-121,685349
2325,585938	-123,783745
2368,652344	-120,369324
2411,718750	-122,765739
2454,785156	-124,487183
2497,851562	-120,492706
2540,917969	-123,896484
2583,984375	-123,533241
2627,050781	-120,564995
2670,117188	-124,361496
2713,183594	-124,251213
2756,250000	-122,011902
2799,316406	-125,288940
2842,382812	-122,743980
2885,449219	-120,943161
2928,515625	-125,176697
2971,582031	-121,432770
3014,648438	-120,141151
3057,714844	-125,659866
3100,781250	-122,906990
3143,847656	-122,374557
3186,914062	-126,367477
3229,980469	-122,655899
3273,046875	-122,889511
3316,113281	-126,010605
3359,179688	-120,670013
3402,246094	-121,783951
3445,312500	-126,103958
3488,378906	-122,504089
3531,445312	-123,801575
3574,511719	-125,587624
3617,578125	-121,486679
3660,644531	-123,694077
3703,710938	-125,152565
3746,777344	-121,845345
3789,843750	-124,599533
3832,910156	-124,860306
3875,976562	-121,565826
3919,042969	-125,047897
3962,109375	-124,597298
4005,175781	-122,447975
4048,242188	-125,578247
4091,308594	-123,924133
4134,375000	-121,785431
4177,441406	-125,619728
4220,507812	-124,105980
4263,574219	-122,828903
4306,640625	-126,331985
4349,707031	-124,054688
4392,773438	-123,491142
4435,839844	-126,509338
4478,906250	-123,527100
4521,972656	-123,668159
4565,039062	-126,271339
4608,105469	-123,499329
4651,171875	-124,047073
4694,238281	-126,669113
4737,304688	-124,372452
4780,371094	-125,225121
4823,437500	-126,494270
4866,503906	-123,550728
4909,570312	-124,605965
4952,636719	-125,986435
4995,703125	-124,090523
5038,769531	-125,466194
5081,835938	-125,834991
5124,902344	-123,845802
5167,968750	-125,769257
5211,035156	-125,936783
5254,101562	-124,484192
5297,167969	-126,217422
5340,234375	-125,120621
5383,300781	-123,584686
5426,367188	-125,928658
5469,433594	-125,404617
5512,500000	-125,056198
5555,566406	-126,598854
5598,632812	-124,538490
5641,699219	-124,029961
5684,765625	-126,186684
5727,832031	-124,047455
5770,898438	-124,054108
5813,964844	-126,005310
5857,031250	-123,995972
5900,097656	-124,740715
5943,164062	-126,788925
5986,230469	-124,549347
6029,296875	-125,445244
6072,363281	-126,415794
6115,429688	-123,389656
6158,496094	-125,164139
6201,562500	-126,454041
6244,628906	-124,473526
6287,695312	-125,903984
6330,761719	-126,379189
6373,828125	-124,422081
6416,894531	-126,104546
6459,960938	-125,742043
6503,027344	-124,487755
6546,093750	-126,263412
6589,160156	-125,720161
6632,226562	-124,448631
6675,292969	-126,325912
6718,359375	-125,685097
6761,425781	-124,750549
6804,492188	-126,585655
6847,558594	-125,368324
6890,625000	-124,992882
6933,691406	-126,509445
6976,757812	-125,173492
7019,824219	-125,076546
7062,890625	-126,805672
7105,957031	-125,545341
7149,023438	-125,639694
7192,089844	-126,691841
7235,156250	-124,796288
7278,222656	-125,335938
7321,289062	-126,825172
7364,355469	-125,448700
7407,421875	-126,502769
7450,488281	-126,787636
7493,554688	-125,466217
7536,621094	-125,992348
7579,687500	-126,678757
7622,753906	-124,825531
7665,820312	-126,376328
7708,886719	-126,308044
7751,953125	-125,043068
7795,019531	-126,382553
7838,085938	-126,327866
7881,152344	-125,413635
7924,218750	-126,753120
7967,285156	-126,197403
8010,351562	-125,779190
8053,417969	-126,573364
8096,484375	-125,523666
8139,550781	-125,111725
8182,617188	-126,985756
8225,683594	-125,892311
8268,750000	-126,063972
8311,816406	-127,236389
8354,882812	-125,833542
8397,949219	-125,875870
8441,015625	-126,912140
8484,082031	-125,516090
8527,148438	-125,686806
8570,214844	-126,773346
8613,281250	-125,025749
8656,347656	-125,619881
8699,414062	-126,640038
8742,480469	-125,606026
8785,546875	-126,291451
8828,613281	-126,998985
8871,679688	-125,512100
8914,746094	-126,428955
8957,812500	-126,606018
9000,878906	-125,033028
9043,945312	-126,220352
9087,011719	-126,352425
9130,078125	-125,855835
9173,144531	-127,078300
9216,210938	-125,843330
9259,277344	-125,106491
9302,343750	-126,660980
9345,410156	-126,215569
9388,476562	-125,831337
9431,542969	-126,501488
9474,609375	-125,766151
9517,675781	-125,559387
9560,742188	-126,234322
9603,808594	-125,999092
9646,875000	-126,217972
9689,941406	-126,787872
9733,007812	-125,849541
9776,074219	-126,199287
9819,140625	-127,096207
9862,207031	-125,685753
9905,273438	-125,922829
9948,339844	-126,382881
9991,406250	-125,704338
10034,472656	-125,979973
10077,539062	-126,206924
10120,605469	-125,861160
10163,671875	-126,859055
10206,738281	-126,779510
10249,804688	-126,243713
10292,871094	-126,701469
10335,937500	-126,766060
10379,003906	-126,599510
10422,070312	-126,984138
10465,136719	-125,999496
10508,203125	-125,417198
10551,269531	-126,554550
10594,335938	-126,393875
10637,402344	-125,924561
10680,468750	-126,514832
10723,535156	-126,124382
10766,601562	-126,005875
10809,667969	-126,703651
10852,734375	-126,183846
10895,800781	-126,209747
10938,867188	-126,682556
10981,933594	-125,848900
11025,000000	-126,570625
11068,066406	-126,983192
11111,132812	-126,249901
11154,199219	-126,898415
11197,265625	-127,326607
11240,332031	-126,440681
11283,398438	-126,873215
11326,464844	-126,833679
11369,531250	-126,111053
11412,597656	-126,916382
11455,664062	-126,736427
11498,730469	-126,005692
11541,796875	-126,530891
11584,863281	-126,526932
11627,929688	-125,938087
11670,996094	-126,998055
11714,062500	-126,443291
11757,128906	-126,051186
11800,195312	-126,730133
11843,261719	-126,818764
11886,328125	-126,379356
11929,394531	-127,232178
11972,460938	-126,308693
12015,527344	-125,957687
12058,593750	-126,612541
12101,660156	-126,087669
12144,726562	-126,329834
12187,792969	-127,055710
12230,859375	-126,444656
12273,925781	-126,626060
12316,992188	-126,884827
12360,058594	-126,687798
12403,125000	-126,944252
12446,191406	-127,242073
12489,257812	-126,664055
12532,324219	-126,909279
12575,390625	-126,887459
12618,457031	-126,445480
12661,523438	-127,216240
12704,589844	-126,758537
12747,656250	-126,366951
12790,722656	-126,543159
12833,789062	-126,590256
12876,855469	-126,462852
12919,921875	-127,016182
12962,988281	-126,913490
13006,054688	-126,577408
13049,121094	-127,371681
13092,187500	-126,935150
13135,253906	-126,396538
13178,320312	-126,697052
13221,386719	-126,494835
13264,453125	-126,413033
13307,519531	-127,192680
13350,585938	-127,053749
13393,652344	-126,514496
13436,718750	-126,927399
13479,785156	-126,351227
13522,851562	-126,581055
13565,917969	-126,873878
13608,984375	-126,565605
13652,050781	-126,852600
13695,117188	-126,791977
13738,183594	-126,751228
13781,250000	-126,705421
13824,316406	-126,900864
13867,382812	-126,352448
13910,449219	-126,471375
13953,515625	-126,872864
13996,582031	-126,553665
14039,648438	-126,520836
14082,714844	-126,417503
14125,781250	-126,370674
14168,847656	-126,605049
14211,914062	-126,711647
14254,980469	-127,051956
14298,046875	-127,222061
14341,113281	-126,761055
14384,179688	-126,455002
14427,246094	-127,097023
14470,312500	-126,774246
14513,378906	-126,824493
14556,445312	-127,115868
14599,511719	-126,883224
14642,578125	-126,580750
14685,644531	-126,673370
14728,710938	-126,437553
14771,777344	-126,687599
14814,843750	-127,192009
14857,910156	-126,473312
14900,976562	-126,723068
14944,042969	-126,714508
14987,109375	-126,599815
15030,175781	-126,722076
15073,242188	-126,996872
15116,308594	-126,967331
15159,375000	-127,208992
15202,441406	-126,889328
15245,507812	-126,373726
15288,574219	-126,737099
15331,640625	-126,984581
15374,707031	-126,845566
15417,773438	-126,891876
15460,839844	-126,430626
15503,906250	-126,666588
15546,972656	-127,143700
15590,039062	-126,744080
15633,105469	-126,566719
15676,171875	-126,596962
15719,238281	-126,750359
15762,304688	-126,476479
15805,371094	-126,954163
15848,437500	-126,896866
15891,503906	-127,197250
15934,570312	-127,062721
15977,636719	-126,542908
16020,703125	-127,067894
16063,769531	-127,053009
16106,835938	-126,622505
16149,902344	-126,823837
16192,968750	-126,956749
16236,035156	-126,695183
16279,101562	-126,793716
16322,167969	-126,863739
16365,234375	-126,685440
16408,300781	-126,723389
16451,367188	-126,752945
16494,433594	-126,545639
16537,500000	-127,016273
16580,566406	-127,257034
16623,632812	-126,544548
16666,699219	-126,774101
16709,765625	-126,956406
16752,832031	-126,820381
16795,898438	-126,968582
16838,964844	-127,195404
16882,031250	-126,893272
16925,097656	-127,094215
16968,164062	-126,850899
17011,230469	-126,793205
17054,296875	-126,638092
17097,363281	-126,933975
17140,429688	-127,012169
17183,496094	-127,066788
17226,562500	-126,723099
17269,628906	-126,533699
17312,695312	-126,682541
17355,761719	-126,797577
17398,828125	-126,661354
17441,894531	-127,049995
17484,960938	-126,888046
17528,027344	-126,960167
17571,093750	-126,900841
17614,160156	-126,317307
17657,226562	-126,874031
17700,292969	-127,043068
17743,359375	-126,687531
17786,425781	-127,090691
17829,492188	-126,853714
17872,558594	-126,843735
17915,625000	-127,229202
17958,691406	-127,186676
18001,757812	-126,759521
18044,824219	-127,092850
18087,890625	-126,998825
18130,957031	-126,894264
18174,023438	-127,134422
18217,089844	-127,072502
18260,156250	-127,092819
18303,222656	-127,240486
18346,289062	-127,252289
18389,355469	-126,979195
18432,421875	-127,158203
18475,488281	-126,584122
18518,554688	-126,480728
18561,621094	-126,818558
18604,687500	-126,532318
18647,753906	-127,091034
18690,820312	-126,818184
18733,886719	-126,754478
18776,953125	-126,920914
18820,019531	-126,719902
18863,085938	-126,712364
18906,152344	-126,979912
18949,218750	-126,673874
18992,285156	-126,635796
19035,351562	-126,932495
19078,417969	-126,977570
19121,484375	-127,175430
19164,550781	-127,026054
19207,617188	-126,832504
19250,683594	-126,684532
19293,750000	-127,048668
19336,816406	-126,874161
19379,882812	-126,831711
19422,949219	-126,918488
19466,015625	-126,870712
19509,082031	-126,937790
19552,148438	-127,186234
19595,214844	-126,587677
19638,281250	-126,603554
19681,347656	-127,007683
19724,414062	-127,132545
19767,480469	-127,195847
19810,546875	-126,963821
19853,613281	-126,799957
19896,679688	-126,884781
19939,746094	-126,906647
19982,812500	-127,077446
20025,878906	-127,144928
20068,945312	-127,173431
20112,011719	-126,576645
20155,078125	-126,740982
20198,144531	-126,897400
20241,210938	-127,000832
20284,277344	-127,540169
20327,343750	-127,205078
20370,410156	-126,916237
20413,476562	-127,145523
20456,542969	-126,994637
20499,609375	-126,525002
20542,675781	-126,808289
20585,742188	-127,031990
20628,808594	-126,866119
20671,875000	-126,893036
20714,941406	-126,838699
20758,007812	-127,153313
20801,074219	-127,340561
20844,140625	-126,881042
20887,207031	-126,598625
20930,273438	-126,750473
20973,339844	-126,922737
21016,406250	-127,022186
21059,472656	-127,127869
21102,539062	-126,810165
21145,605469	-126,703392
21188,671875	-126,994690
21231,738281	-126,631767
21274,804688	-126,834595
21317,871094	-127,080276
21360,937500	-127,044853
21404,003906	-127,173073
21447,070312	-127,025993
21490,136719	-126,837296
21533,203125	-126,935272
21576,269531	-127,209869
21619,335938	-126,725273
21662,402344	-126,792870
21705,468750	-126,569237
21748,535156	-126,456345
21791,601562	-126,921898
21834,667969	-126,743057
21877,734375	-126,610092
21920,800781	-127,067322
21963,867188	-126,795883
22006,933594	-126,901230
